2 0.54623828125 0.8135833333333333 0.09838281249999997 0.32005555555555554
2 0.649609375 0.7145833333333333 0.06328125 0.27361111111111114
3 0.6171875 0.22708333333333333 0.051562500000000004 0.12916666666666668
1 0.6203125 0.2659722222222222 0.07187500000000001 0.2763888888888889
1 0.5964843750000001 0.25069444444444444 0.06953125 0.23750000000000002
3 0.59623046875 0.16666666666666669 0.062226562499999985 0.06944444444444445
1 0.779296875 0.37083333333333335 0.07734375 0.25
1 0.6998632812500001 0.1902777777777778 0.08308593750000003 0.2777777777777778
1 0.765234375 0.19861111111111113 0.07734375 0.17777777777777778
0 0.791015625 0.16041666666666668 0.017968750000000002 0.02361111111111111
