2 0.19329503676470586 0.6401776960784313 0.07968443627450982 0.441531862745098
2 0.4889675245098039 0.45128676470588236 0.00836397058823535 0.055759803921568624
2 0.6357230392156863 0.4389705882352941 0.009191176470588236 0.05955882352941179
2 0.647671568627451 0.44479166666666664 0.013480392156862746 0.061151960784313696
2 0.6522671568627451 0.4381127450980392 0.006740196078431373 0.05269607843137255
2 0.7162990196078431 0.430453431372549 0.011642156862745098 0.052083333333333336
2 0.7887561274509803 0.42340686274509803 0.007659313725490196 0.049019607843137254
2 0.7829350490196079 0.4270833333333333 0.008272058823529412 0.04779411764705882
1 0.5862438725490196 0.2841053921568627 0.0784313725490196 0.48325980392156864
3 0.5893321078431373 0.24015625 0.09329044117647059 0.20743259803921574
