2 0.36855158730158727 0.8431697612732095 0.04811507936507936 0.15119363395225463
3 0.31235491071428567 0.8486438992042441 0.04443700396825399 0.08521883289124667
2 0.32254464285714285 0.8292440318302386 0.05381944444444444 0.11206896551724137
3 0.25905257936507936 0.8129973474801061 0.023561507936507936 0.05238726790450928
2 0.25806051587301587 0.8156498673740052 0.027033730158730156 0.09151193633952254
0 0.1994047619047619 0.8071949602122015 0.006448412698412698 0.010941644562334218
2 0.20634920634920634 0.7967506631299734 0.01984126984126984 0.07360742705570292
2 0.15128968253968253 0.7896220159151193 0.023313492063492064 0.0620026525198939
2 0.18167162698412698 0.7934350132625995 0.023561507936507936 0.0656498673740053
2 0.02464657738095238 0.79592175066313 0.033544146825396824 0.06996021220159152
2 0.4461805555555555 0.7849801061007957 0.023313492063492064 0.09383289124668434
2 0.42533234126984126 0.7851458885941645 0.021795634920634948 0.09283819628647215
3 0.45287698412698413 0.5155835543766578 0.027281746031746032 0.09482758620689655
1 0.4643204365079365 0.5274303713527851 0.070406746031746 0.17285809018567644
