2 0.9745616319444446 0.7239062499999999 0.0474045138888888 0.1123495370370371
2 0.9366319444444444 0.7784027777777777 0.03298611111111111 0.15673611111111105
2 0.8550347222222222 0.7771990740740741 0.057291666666666664 0.24652777777777776
2 0.7304210069444443 0.7791203703703703 0.04516493055555563 0.20976851851851852
2 0.7022569444444444 0.8404745370370371 0.07465277777777778 0.30284722222222216
2 0.4813888888888888 0.8362268518518519 0.08930555555555554 0.2743055555555555
1 0.7160243055555555 0.4546412037037037 0.037378472222222174 0.10400462962962964
3 0.43936197916666664 0.3987268518518518 0.04073784722222223 0.12152777777777778
1 0.4290017361111111 0.3652546296296297 0.06460069444444441 0.21430555555555558
1 0.4171006944444444 0.05208333333333333 0.0390625 0.10648148148148148
1 0.3865147569444444 0.07719907407407407 0.04113715277777776 0.15671296296296297
1 0.5288975694444444 0.0877199074074074 0.043906250000000036 0.11062499999999999
1 0.5687760416666666 0.08413773148148147 0.033385416666666695 0.13586805555555553
3 0.5998263888888888 0.10378472222222222 0.013888888888888888 0.012337962962962959
1 0.607204861111111 0.11805555555555555 0.04079861111111111 0.12268518518518517
